-0.0039215686274509665
-0.050980392156862786
-0.0980392156862745
-0.14509803921568631
-0.207843137254902
-0.23921568627450984
-0.3019607843137255
-0.33333333333333337
-0.3803921568627451
-0.4274509803921569
-0.4745098039215686
-0.5058823529411764
-0.5529411764705883
-0.584313725490196
-0.6313725490196078
-0.6627450980392157
-0.6941176470588235
-0.7254901960784313
-0.7568627450980392
-0.788235294117647
-0.8196078431372549
-0.8509803921568627
-0.8666666666666667
-0.8980392156862745
-0.9137254901960784
-0.9294117647058824
-0.9450980392156862
-0.9450980392156862
-0.9764705882352941
-0.9764705882352941
-0.9764705882352941
-0.9764705882352941
-0.9764705882352941
-0.9764705882352941
-0.9764705882352941
-0.9764705882352941
-0.9764705882352941
-0.9450980392156862
-0.9450980392156862
-0.9137254901960784
-0.9137254901960784
-0.8823529411764706
-0.8509803921568627
-0.8509803921568627
-0.8196078431372549
-0.788235294117647
-0.7568627450980392
-0.7254901960784313
-0.6941176470588235
-0.6627450980392157
-0.6313725490196078
-0.5686274509803921
-0.5372549019607843
-0.5058823529411764
-0.4745098039215686
-0.4117647058823529
-0.3803921568627451
-0.3176470588235294
-0.28627450980392155
-0.22352941176470587
-0.19215686274509802
-0.12941176470588234
-0.0980392156862745
-0.03529411764705881
-0.0039215686274509665
0.027450980392156765
0.09019607843137245
0.1215686274509804
0.1843137254901961
0.24705882352941178
0.2784313725490195
0.3411764705882352
0.37254901960784315
0.4039215686274509
0.46666666666666656
0.4980392156862745
0.5294117647058822
0.5921568627450979
0.6235294117647059
0.6549019607843136
0.6862745098039216
0.7176470588235293
0.7490196078431373
0.780392156862745
0.8117647058823529
0.8431372549019607
0.8745098039215686
0.8745098039215686
0.9058823529411764
0.9372549019607843
0.9372549019607843
0.968627450980392
0.968627450980392
0.968627450980392
0.968627450980392
0.968627450980392
0.968627450980392
0.968627450980392
0.968627450980392
0.968627450980392
0.968627450980392
0.9529411764705882
0.9372549019607843
0.9215686274509804
0.9058823529411764
0.8745098039215686
0.8588235294117648
0.8431372549019607
0.8117647058823529
0.780392156862745
0.7490196078431373
0.7176470588235293
0.6862745098039216
0.6392156862745098
0.607843137254902
0.5764705882352941
0.5294117647058822
0.4980392156862745
0.4509803921568627
0.4039215686274509
0.3568627450980393
0.3254901960784313
0.26274509803921564
0.2313725490196079
0.16862745098039222
0.1215686274509804
0.07450980392156858
0.027450980392156765
-0.0039215686274509665
-0.050980392156862786
-0.08235294117647063
-0.12941176470588234
-0.17647058823529416
-0.23921568627450984
-0.2705882352941177
-0.3176470588235294
-0.3647058823529412
-0.39607843137254906
-0.45882352941176474
-0.4901960784313726
-0.5215686274509803
-0.5686274509803921
-0.6
-0.6470588235294117
-0.6784313725490196
-0.7098039215686274
-0.7411764705882353
-0.7725490196078432
-0.803921568627451
-0.8196078431372549
-0.8509803921568627
-0.8666666666666667
-0.8823529411764706
-0.9137254901960784
-0.9294117647058824
-0.9450980392156862
-0.9607843137254902
-0.9764705882352941
-0.9764705882352941
-0.9764705882352941
-0.9764705882352941
-0.9764705882352941
-0.9764705882352941
-0.9764705882352941
-0.9450980392156862
-0.9450980392156862
-0.9137254901960784
-0.9137254901960784
-0.8823529411764706
-0.8509803921568627
-0.8509803921568627
-0.8196078431372549
-0.788235294117647
-0.7568627450980392
-0.7254901960784313
-0.6941176470588235
-0.6627450980392157
-0.6313725490196078
-0.6
-0.5686274509803921
-0.5058823529411764
-0.4745098039215686
-0.44313725490196076
-0.3803921568627451
-0.34901960784313724
-0.3176470588235294
-0.2549019607843137
-0.22352941176470587
-0.16078431372549018
-0.12941176470588234
-0.06666666666666665
-0.03529411764705881
-0.0039215686274509665
0.027450980392156765
0.09019607843137245
0.1215686274509804
0.15294117647058814
0.21568627450980382
0.2784313725490195
0.30980392156862746
0.3411764705882352
0.4039215686274509
0.43529411764705883
0.46666666666666656
0.5294117647058822
0.5607843137254902
0.5921568627450979
0.6235294117647059
0.6549019607843136
0.6862745098039216
0.7176470588235293
0.7490196078431373
0.780392156862745
0.8117647058823529
0.8431372549019607
0.8745098039215686
0.8745098039215686
0.9058823529411764
0.9372549019607843
0.9372549019607843
0.9372549019607843
0.968627450980392
0.968627450980392
0.968627450980392
0.968627450980392
0.968627450980392
0.968627450980392
0.968627450980392
0.9372549019607843
0.9372549019607843
0.9215686274509804
0.9058823529411764
0.8745098039215686
0.8588235294117648
0.8431372549019607
0.8117647058823529
0.780392156862745
0.7490196078431373
0.7176470588235293
0.6862745098039216
0.6549019607843136
0.6235294117647059
0.5764705882352941
0.5450980392156863
0.5137254901960784
0.46666666666666656
0.41960784313725497
0.388235294117647
0.3411764705882352
0.2941176470588236
0.26274509803921564
0.19999999999999996
0.15294117647058814
0.10588235294117654
0.07450980392156858
0.0117647058823529
-0.0039215686274509665
-0.050980392156862786
-0.08235294117647063
-0.12941176470588234
-0.17647058823529416
-0.207843137254902
-0.2705882352941177
-0.3019607843137255
-0.33333333333333337
-0.3803921568627451
-0.4274509803921569
-0.45882352941176474
-0.5058823529411764
-0.5372549019607843
-0.5686274509803921
-0.615686274509804
-0.6470588235294117
-0.6784313725490196
-0.7098039215686274
-0.7411764705882353
-0.7725490196078432
-0.788235294117647
-0.8196078431372549
-0.8509803921568627
-0.8666666666666667
-0.8823529411764706
-0.9137254901960784
-0.9137254901960784
-0.9450980392156862
-0.9607843137254902
-0.9764705882352941
-0.9764705882352941
-0.9764705882352941
-0.9764705882352941
-0.9764705882352941
-0.9450980392156862
-0.9450980392156862
-0.9137254901960784
-0.9137254901960784
-0.8823529411764706
-0.8509803921568627
-0.8509803921568627
-0.8196078431372549
-0.788235294117647
-0.7568627450980392
-0.7254901960784313
-0.6941176470588235
-0.6627450980392157
-0.6313725490196078
-0.6
-0.5686274509803921
-0.5372549019607843
-0.5058823529411764
-0.44313725490196076
-0.4117647058823529
-0.3803921568627451
-0.3176470588235294
-0.28627450980392155
-0.2549019607843137
-0.19215686274509802
-0.16078431372549018
-0.12941176470588234
-0.06666666666666665
-0.03529411764705881
-0.0039215686274509665
0.027450980392156765
0.05882352941176472
0.1215686274509804
0.15294117647058814
0.21568627450980382
0.24705882352941178
0.2784313725490195
0.3411764705882352
0.37254901960784315
0.4039215686274509
0.43529411764705883
0.4980392156862745
0.5294117647058822
0.5607843137254902
0.5921568627450979
0.6235294117647059
0.6549019607843136
0.6862745098039216
0.7176470588235293
0.7490196078431373
0.780392156862745
0.8117647058823529
0.8431372549019607
0.8745098039215686
0.8745098039215686
0.9058823529411764
0.9372549019607843
0.9372549019607843
0.968627450980392
0.968627450980392
0.968627450980392
0.968627450980392
0.968627450980392
0.968627450980392
0.9372549019607843
0.9372549019607843
0.9215686274509804
0.9058823529411764
0.8745098039215686
0.8588235294117648
0.8431372549019607
0.8117647058823529
0.780392156862745
0.7490196078431373
0.7176470588235293
0.6862745098039216
0.6549019607843136
0.6235294117647059
0.5921568627450979
0.5607843137254902
0.5137254901960784
0.48235294117647065
0.43529411764705883
0.4039215686274509
0.3568627450980393
0.3254901960784313
0.2784313725490195
0.2313725490196079
0.19999999999999996
0.15294117647058814
0.10588235294117654
0.05882352941176472
0.0117647058823529
-0.0039215686274509665
-0.03529411764705881
-0.08235294117647063
-0.11372549019607847
-0.16078431372549018
-0.207843137254902
-0.23921568627450984
-0.28627450980392155
-0.3176470588235294
-0.3647058823529412
-0.39607843137254906
-0.4274509803921569
-0.4745098039215686
-0.5058823529411764
-0.5529411764705883
-0.584313725490196
-0.615686274509804
-0.6470588235294117
-0.6784313725490196
-0.7098039215686274
-0.7411764705882353
-0.7568627450980392
-0.788235294117647
-0.8196078431372549
-0.8509803921568627
-0.8666666666666667
-0.8823529411764706
-0.9137254901960784
-0.9294117647058824
-0.9450980392156862
-0.9607843137254902
-0.9764705882352941
-0.9764705882352941
-0.9764705882352941
-0.9450980392156862
-0.9450980392156862
-0.9137254901960784
-0.9137254901960784
-0.8823529411764706
-0.8509803921568627
-0.8509803921568627
-0.8196078431372549
-0.788235294117647
-0.7568627450980392
-0.7254901960784313
-0.6941176470588235
-0.6627450980392157
-0.6313725490196078
-0.6
-0.5686274509803921
-0.5372549019607843
-0.5058823529411764
-0.4745098039215686
-0.44313725490196076
-0.3803921568627451
-0.34901960784313724
-0.3176470588235294
-0.28627450980392155
-0.22352941176470587
-0.19215686274509802
-0.16078431372549018
-0.0980392156862745
-0.06666666666666665
-0.03529411764705881
-0.0039215686274509665
0.027450980392156765
0.05882352941176472
0.1215686274509804
0.15294117647058814
0.1843137254901961
0.24705882352941178
0.2784313725490195
0.30980392156862746
0.3411764705882352
0.4039215686274509
0.43529411764705883
0.46666666666666656
0.4980392156862745
0.5294117647058822
0.5607843137254902
0.5921568627450979
0.6235294117647059
0.6549019607843136
0.6862745098039216
0.7176470588235293
0.7490196078431373
0.780392156862745
0.8117647058823529
0.8431372549019607
0.8431372549019607
0.8745098039215686
0.9058823529411764
0.9058823529411764
0.9372549019607843
0.968627450980392
0.968627450980392
0.968627450980392
0.968627450980392
0.9529411764705882
0.9372549019607843
0.9058823529411764
0.9058823529411764
0.8745098039215686
0.8588235294117648
0.8431372549019607
0.8117647058823529
0.780392156862745
0.7490196078431373
0.7176470588235293
0.6862745098039216
0.6549019607843136
0.6235294117647059
0.5921568627450979
0.5607843137254902
0.5294117647058822
0.4980392156862745
0.4509803921568627
0.41960784313725497
0.388235294117647
0.3411764705882352
0.2941176470588236
0.26274509803921564
0.2313725490196079
0.1843137254901961
0.13725490196078427
0.10588235294117654
0.05882352941176472
0.0117647058823529
-0.0039215686274509665
-0.03529411764705881
-0.06666666666666665
-0.11372549019607847
-0.14509803921568631
-0.19215686274509802
-0.23921568627450984
-0.2705882352941177
-0.3019607843137255
-0.33333333333333337
-0.3803921568627451
-0.4117647058823529
-0.44313725490196076
-0.4901960784313726
-0.5215686274509803
-0.5529411764705883
-0.584313725490196
-0.615686274509804
-0.6470588235294117
-0.6784313725490196
-0.7098039215686274
-0.7411764705882353
-0.7725490196078432
-0.788235294117647
-0.8196078431372549
-0.8509803921568627
-0.8666666666666667
-0.8823529411764706
-0.9137254901960784
-0.9450980392156862
-0.9450980392156862
-0.9764705882352941
-0.9764705882352941
-0.9764705882352941
-0.9450980392156862
-0.9137254901960784
-0.9137254901960784
-0.8823529411764706
-0.8509803921568627
-0.8509803921568627
-0.8196078431372549
-0.788235294117647
-0.7568627450980392
-0.7254901960784313
-0.6941176470588235
-0.6627450980392157
-0.6313725490196078
-0.6
-0.5686274509803921
-0.5372549019607843
-0.5058823529411764
-0.4745098039215686
-0.44313725490196076
-0.4117647058823529
-0.3803921568627451
-0.3176470588235294
-0.28627450980392155
-0.2549019607843137
-0.22352941176470587
-0.19215686274509802
-0.12941176470588234
-0.0980392156862745
-0.06666666666666665
-0.03529411764705881
-0.0039215686274509665
0.027450980392156765
0.05882352941176472
0.09019607843137245
0.1215686274509804
0.1843137254901961
0.21568627450980382
0.24705882352941178
0.2784313725490195
0.3411764705882352
0.37254901960784315
0.4039215686274509
0.43529411764705883
0.46666666666666656
0.4980392156862745
0.5294117647058822
0.5607843137254902
0.6235294117647059
0.6235294117647059
0.6549019607843136
0.6862745098039216
0.7176470588235293
0.7490196078431373
0.780392156862745
0.8117647058823529
0.8431372549019607
0.8745098039215686
0.8745098039215686
0.9058823529411764
0.9372549019607843
0.9372549019607843
0.968627450980392
0.968627450980392
0.968627450980392
0.9372549019607843
0.9372549019607843
0.9058823529411764
0.8745098039215686
0.8588235294117648
0.8274509803921568
0.8117647058823529
0.780392156862745
0.7490196078431373
0.7176470588235293
0.6862745098039216
0.6549019607843136
0.6235294117647059
0.5921568627450979
0.5607843137254902
0.5294117647058822
0.4980392156862745
0.46666666666666656
0.43529411764705883
0.388235294117647
0.3568627450980393
0.3254901960784313
0.2784313725490195
0.24705882352941178
0.19999999999999996
0.16862745098039222
0.1215686274509804
0.09019607843137245
0.05882352941176472
0.0117647058823529
-0.0039215686274509665
-0.019607843137254943
-0.06666666666666665
-0.0980392156862745
-0.14509803921568631
-0.17647058823529416
-0.207843137254902
-0.23921568627450984
-0.2705882352941177
-0.3176470588235294
-0.3647058823529412
-0.39607843137254906
-0.4274509803921569
-0.45882352941176474
-0.4901960784313726
-0.5215686274509803
-0.5529411764705883
-0.584313725490196
-0.615686274509804
-0.6470588235294117
-0.6784313725490196
-0.7098039215686274
-0.7411764705882353
-0.7725490196078432
-0.788235294117647
-0.8196078431372549
-0.8509803921568627
-0.8666666666666667
-0.8980392156862745
-0.9137254901960784
-0.9450980392156862
-0.9764705882352941
-0.9764705882352941
-0.9764705882352941
-0.9450980392156862
-0.9137254901960784
-0.8823529411764706
-0.8823529411764706
-0.8509803921568627
-0.8196078431372549
-0.788235294117647
-0.7568627450980392
-0.7254901960784313
-0.6941176470588235
-0.6627450980392157
-0.6313725490196078
-0.6
-0.5686274509803921
-0.5372549019607843
-0.5058823529411764
-0.4745098039215686
-0.44313725490196076
-0.4117647058823529
-0.3803921568627451
-0.34901960784313724
-0.3176470588235294
-0.2549019607843137
-0.22352941176470587
-0.19215686274509802
-0.16078431372549018
-0.12941176470588234
-0.0980392156862745
-0.06666666666666665
-0.03529411764705881
-0.0039215686274509665
0.027450980392156765
0.05882352941176472
0.09019607843137245
0.1215686274509804
0.15294117647058814
0.21568627450980382
0.24705882352941178
0.2784313725490195
0.30980392156862746
0.3411764705882352
0.37254901960784315
0.4039215686274509
0.43529411764705883
0.46666666666666656
0.4980392156862745
0.5294117647058822
0.5921568627450979
0.5921568627450979
0.6235294117647059
0.6549019607843136
0.6862745098039216
0.7176470588235293
0.7490196078431373
0.780392156862745
0.8117647058823529
0.8431372549019607
0.8745098039215686
0.8745098039215686
0.9058823529411764
0.9372549019607843
0.968627450980392
0.968627450980392
0.9529411764705882
0.9372549019607843
0.9058823529411764
0.8745098039215686
0.8588235294117648
0.8274509803921568
0.8117647058823529
0.780392156862745
0.7490196078431373
0.7176470588235293
0.6862745098039216
0.6549019607843136
0.6235294117647059
0.5921568627450979
0.5607843137254902
0.5294117647058822
0.4980392156862745
0.46666666666666656
0.43529411764705883
0.4039215686274509
0.37254901960784315
0.3254901960784313
0.2941176470588236
0.26274509803921564
0.2313725490196079
0.19999999999999996
0.16862745098039222
0.1215686274509804
0.09019607843137245
0.04313725490196085
0.0117647058823529
-0.0039215686274509665
-0.019607843137254943
-0.06666666666666665
-0.0980392156862745
-0.12941176470588234
-0.16078431372549018
-0.207843137254902
-0.23921568627450984
-0.2705882352941177
-0.3019607843137255
-0.33333333333333337
-0.3647058823529412
-0.39607843137254906
-0.4274509803921569
-0.45882352941176474
-0.4901960784313726
-0.5215686274509803
-0.5529411764705883
-0.584313725490196
-0.615686274509804
-0.6470588235294117
-0.6784313725490196
-0.7098039215686274
-0.7411764705882353
-0.7725490196078432
-0.788235294117647
-0.8352941176470589
-0.8509803921568627
-0.8823529411764706
-0.9137254901960784
-0.9450980392156862
-0.9764705882352941
-0.9764705882352941
-0.9764705882352941
-0.9450980392156862
-0.9137254901960784
-0.8823529411764706
-0.8509803921568627
-0.8196078431372549
-0.788235294117647
-0.7568627450980392
-0.7254901960784313
-0.6941176470588235
-0.6627450980392157
-0.6313725490196078
-0.6
-0.5686274509803921
-0.5372549019607843
-0.5058823529411764
-0.4745098039215686
-0.44313725490196076
-0.4117647058823529
-0.3803921568627451
-0.34901960784313724
-0.3176470588235294
-0.28627450980392155
-0.2549019607843137
-0.22352941176470587
-0.19215686274509802
-0.16078431372549018
-0.12941176470588234
-0.0980392156862745
-0.06666666666666665
-0.03529411764705881
-0.0039215686274509665
0.027450980392156765
0.05882352941176472
0.09019607843137245
0.1215686274509804
0.15294117647058814
0.1843137254901961
0.21568627450980382
0.24705882352941178
0.2784313725490195
0.30980392156862746
0.3411764705882352
0.37254901960784315
0.4039215686274509
0.43529411764705883
0.46666666666666656
0.4980392156862745
0.5607843137254902
0.5607843137254902
0.5921568627450979
0.6235294117647059
0.6549019607843136
0.6862745098039216
0.7176470588235293
0.7490196078431373
0.780392156862745
0.8117647058823529
0.8431372549019607
0.8745098039215686
0.9058823529411764
0.9372549019607843
0.968627450980392
0.968627450980392
0.9529411764705882
0.9215686274509804
0.9058823529411764
0.8745098039215686
0.8431372549019607
0.8117647058823529
0.780392156862745
0.7490196078431373
0.7176470588235293
0.6862745098039216
0.6549019607843136
0.6235294117647059
0.5921568627450979
0.5607843137254902
0.5294117647058822
0.4980392156862745
0.46666666666666656
0.43529411764705883
0.4039215686274509
0.37254901960784315
0.3411764705882352
0.30980392156862746
0.2784313725490195
0.24705882352941178
0.21568627450980382
0.16862745098039222
0.13725490196078427
0.1215686274509804
0.07450980392156858
0.04313725490196085
0.0117647058823529
-0.0039215686274509665
-0.019607843137254943
-0.06666666666666665
-0.0980392156862745
-0.12941176470588234
-0.16078431372549018
-0.19215686274509802
-0.207843137254902
-0.23921568627450984
-0.28627450980392155
-0.3019607843137255
-0.33333333333333337
-0.3647058823529412
-0.4117647058823529
-0.44313725490196076
-0.4745098039215686
-0.5058823529411764
-0.5215686274509803
-0.5529411764705883
-0.584313725490196
-0.615686274509804
-0.6470588235294117
-0.6784313725490196
-0.7098039215686274
-0.7411764705882353
-0.7725490196078432
-0.803921568627451
-0.8352941176470589
-0.8666666666666667
-0.8980392156862745
-0.9294117647058824
-0.9607843137254902
-0.9764705882352941
-0.9450980392156862
-0.9137254901960784
-0.8823529411764706
-0.8509803921568627
-0.8196078431372549
-0.788235294117647
-0.7568627450980392
-0.7254901960784313
-0.6941176470588235
-0.6627450980392157
-0.6313725490196078
-0.6
-0.5686274509803921
-0.5372549019607843
-0.5058823529411764
-0.5058823529411764
-0.44313725490196076
-0.44313725490196076
-0.4117647058823529
-0.3803921568627451
-0.34901960784313724
-0.3176470588235294
-0.2549019607843137
-0.22352941176470587
-0.19215686274509802
-0.19215686274509802
-0.16078431372549018
-0.12941176470588234
-0.0980392156862745
-0.06666666666666665
-0.03529411764705881
-0.0039215686274509665
0.027450980392156765
0.05882352941176472
0.09019607843137245
0.1215686274509804
0.15294117647058814
0.1843137254901961
0.21568627450980382
0.24705882352941178
0.2784313725490195
0.30980392156862746
0.3411764705882352
0.37254901960784315
0.4039215686274509
0.43529411764705883
0.46666666666666656
0.4980392156862745
0.5294117647058822
0.5294117647058822
0.5607843137254902
0.5921568627450979
0.6235294117647059
0.6549019607843136
0.6862745098039216
0.7176470588235293
0.7490196078431373
0.780392156862745
0.8117647058823529
0.8431372549019607
0.9058823529411764
0.9372549019607843
0.9372549019607843
0.968627450980392
0.9372549019607843
0.9215686274509804
0.8745098039215686
0.8431372549019607
0.8274509803921568
0.7960784313725491
0.7647058823529411
0.7176470588235293
0.6862745098039216
0.6549019607843136
0.6235294117647059
0.5921568627450979
0.5607843137254902
0.5294117647058822
0.4980392156862745
0.48235294117647065
0.4509803921568627
0.41960784313725497
0.388235294117647
0.3568627450980393
0.3254901960784313
0.2941176470588236
0.26274509803921564
0.2313725490196079
0.19999999999999996
0.16862745098039222
0.13725490196078427
0.10588235294117654
0.07450980392156858
0.04313725490196085
0.0117647058823529
